-0.71377161926798	2.8139601759847E-11
0.007141973014989	1.9481421684175E-11
-0.18704296625243	8.3444362530827E-12
0.52508072230542	1.3887668792734E-11
-0.34686351461737	2.175482016753E-11
0.99707449567701	1.7256307494051E-11
-0.41396258591583	1.482031164457E-11
-0.66809161992814	2.2656321263526E-12
0.36531239896117	3.4228619938403E-11
0.58104876719008	1.3057110948012E-11
0.24187704405608	-1.3287981825982E-12
0.69094133694901	5.4802828941547E-12
-0.69827676998019	7.1122722156147E-9
-0.95111632046152	4.9239292643222E-9
0.28914027969686	2.1090559854109E-9
-0.4095974373154	3.5101078710298E-9
-0.81550331953757	5.4985287434306E-9
-0.39717121764996	4.3615255296281E-9
0.03945640977416	3.7458320542583E-9
0.4568430631681	5.726368268455E-10
0.097958837440802	8.6512911001702E-9
0.86432590728195	3.3001744670358E-9
-0.14707711482931	-3.3585548231407E-10
-0.43882708613657	1.385138337362E-9
1.1717858401578	5.6898178169007E-8
-0.56893056369237	3.939143378151E-8
0.70812223757488	1.6872447772265E-8
-0.6267794985231	2.8080863079261E-8
1.1459734436998	4.3988230169489E-8
1.0896302588001	3.489220401498E-8
0.10065127819327	2.9966656434066E-8
-0.40525549465494	4.5810945037417E-9
0.83467069952642	6.9210328801361E-8
-0.37739274174483	2.6401395847309E-8
-0.10961691863464	-2.6868438723904E-9
0.25938331090722	1.1081106809918E-8
0.81119117332804	1.580031627757E-8
0.85991984460073	1.0924065318996E-8
-0.24068143192847	4.673777448394E-9
0.58937549620303	7.7811911358694E-9
0.16559796423887	1.2194354637174E-8
-0.02937828113917	9.6676541321006E-9
0.7727950943177	8.3185918153816E-9
0.62822683207167	1.2702843221746E-9
0.34940759158555	1.9195279865603E-8
0.28191122520249	7.3160461022681E-9
-0.43603916651521	-7.4503742064636E-10
-0.42354129718843	3.0715821552896E-9
-2.0856381076068	-1.2830198281577E-7
-1.016326126072	-6.3464507649158E-8
-0.46354078067755	-1.0806411010478E-7
-0.73583035729043	-6.0968172732601E-8
-1.4333949206716	-1.2194043774727E-7
-1.1057230380065	-1.2015323314074E-7
-0.75445621948711	-9.4387084037528E-8
-0.11329544323318	-7.4388892642996E-8
-2.1063091463927	-1.1730647209163E-7
-0.65399715972041	-7.3719132798189E-8
0.066976975668416	-7.1393283257448E-8
-0.27251785476012	-8.5036537089689E-8